201212222
201212244
201212252
2012122910
201301042
201301081
201301132
201301181
201301251
201302022
201302051
201303022
201303062
201304092
201304201
201304261
201304292
201304301
201305026
201305033
201305051
201305061
201305093
201305125
201305134
201305144
2013051510
201305168
201305176
201305188
201305197
201305206
201305218
201305225
201305238
201305249
201305255
201305262
201305274
201305283
201305297
201305305
201305316
201306014
201306023
201306037
201306046
201306054
201306068
201306079
2013060815
2013060924
2013061025
2013061133
2013061244
2013061346
2013061441
2013061531
2013061623
2013061734
201306189
2013061911
2013062020
201306214
2013062232
2013062332
2013062424
2013062554
2013062663
2013062716
2013062835
2013062975
2013063069
2013070134
2013070262
2013070363
2013070457
2013070572
2013070685
2013070734
2013070835
2013070927
2013071046
2013071129
2013071226
2013071323
2013071411
2013071513
2013071611
2013071722
2013071821
2013071924
2013072026
2013072127
2013072225
2013072329
2013072429
2013072527
2013072622
2013072727
2013072834
2013072914
2013073048
2013073129
2013080127
201308027
2013080332
2013080490
20130805100
2013080648
20130807113
2013080856
2013080938
2013081041
2013081145
2013081241
2013081334
2013081414
2013081520
2013081629
2013081729
2013081825
2013081930
2013082038
2013082130
2013082229
2013082331
2013082424
2013082522
2013082640
2013082731
2013082813
2013082914
2013083030
2013083120
2013090129
2013090227
2013090436
2013090519
2013090718
2013090816
2013090910
2013091010
2013091117
2013091218
2013091326
2013091420
2013091528
2013091620
2013091725
201309183
2013091919
2013092018
2013092116
201309229
201309234
201309248
2013092515
2013092613
2013092710
2013092814
201309298
2013093018
2013100110
2013100210
2013100311
2013100421
2013100513
2013100611
201310075
2013100812
2013100918
2013101012
201310116
2013101217
2013101314
2013101413
2013101513
2013101636
2013101715
2013101832
2013101953
2013102027
2013102135
2013102245
2013102342
2013102433
2013102529
2013102656
2013102754
2013102853
2013102947
2013103036
2013103169
2013110148
2013110252
2013110345
2013110460
2013110549
2013110663
2013110787
20131108107
20131109112
20131110109
20131111102
2013111286
20131113112
20131114136
20131115104
20131116113
2013111793
2013111886
2013111973
2013112086
2013112159
2013112255
2013112341
2013112443
2013112529
2013112628
2013112730
2013112828
2013112928
2013113039
201312011
201312023
201312033
201312046
201312052
2013120610
201312079
2013120823
2013120921
2013121032
2013121130
2013121228
2013121336
2013121437
2013121532
2013121637
2013121748
2013121831
2013121933
2013122032
2013122148
2013122258
2013122352
2013122457
2013122526
2013122633
2013122724
2013122845
2013122932
2013123026
2013123113
2014010111
2014010213
2014010321
2014010419
2014010513
201401068
201401071
2014010813
201401097
201401109
2014011120
201401128
2014011314
2014011431
2014011521
2014011631
2014011725
2014011833
2014011916
2014012045
2014012161
2014012250
2014012354
2014012462
2014012554
2014012649
2014012764
2014012859
2014012960
2014013154
201402011
201402031
201402041
201402052
201402062
201402077
201402096
201402103
201402122
201402134
201402143
201402153
201402161
201402176
201402185
201402192
201402203
201402211
201402223
201402231
201402243
201402257
201402262
201402273
201402281
201403025
201403033
201403051
201403063
201403076
201403084
2014030917
2014031012
2014031130
2014031215
2014031326
2014031426
2014031522
2014031619
2014031728
2014031831
2014031940
2014032025
2014032134
2014032228
2014032330
2014032424
2014032528
2014032625
2014032717
2014032817
2014032930
2014033025
2014033126
2014040129
2014040226
2014040329
2014040426
2014040529
2014040624
2014040717
2014040810
201404095
2014041016
201404119
2014041214
2014041319
2014041415
2014041522
2014041623
2014041716
201404184
201404194
201404208
201404213
201404223
201404233
201404241
201404254
201404264
201404271
201404282
201404291
201404302
2014050118
2014050227
2014050323
2014050425
2014050526
2014050645
2014050737
2014050841
2014050923
2014051039
2014051126
2014051228
2014051331
2014051435
2014051516
2014051614
2014051719
2014051816
2014051914
2014052013
2014052114
2014052222
2014052326
2014052425
2014052534
2014052631
2014052730
2014052825
2014052929
2014053031
2014053122
2014060119
2014060224
2014060321
2014060425
2014060527
2014060626
2014060734
2014060835
2014060932
201406107
201406118
2014061214
2014061312
2014061439
2014061528
201406162
201406172
201406184
201406195
2014062022
2014062131
2014062238
2014062325
2014062426
2014062528
2014062625
2014062728
2014062816
2014062927
201406303
201407098
201407131
201407141
201407162
201407171
201407215
201407252
201407302
201408021
201408042
201408051
201408072
201408082
201408091
201408101
201408122
201408132
201408152
201408173
201408192
201408201
201408234
201408241
201408272
201409014
201409041
201409052
201409072
201409082
201409102
201409134
201409161
201409181
201409192
201409202
201409212
201409233
201409251
201409262
201409283
201409291
201409301
201410027
201410032
201410051
201410061
201410071
201410083
201410095
201410102
201410113
201410124
201410132
201410142
201410152
201410161
201410172
201410183
201410192
201410202
201410213
201410221
201410231
201410242
201410251
201410264
201410271
201410282
201410291
201410314
201411011
201411032
201411041
201411051
201411063
201411072
201411082
201411091
201411103
201411111
201411121
201411132
201411144
201411151
201411165
201411171
201411183
201411196
201411205
201411216
201411227
201411232
201411243
201411252
201411262
201411273
201411282
201411293
201411302
201412014
201412022
201412034
201412044
201412053
201412062
201412072
201412082
201412093
201412102
201412111
201412125
201412136
201412143
201412151
201412162
201412173
201412182
201412192
201412203
201412212
201412223
201412232
201412244
201412253
201412261
201412271
201412283
201412291
201412314
201501011
201501031
201501041
201501051
201501064
201501071
201501082
201501091
201501104
201501113
201501124
201501133
201501143
201501151
201501164
201501172
201501181
201501193
201501202
201501211
201501222
201501233
201501242
201501252
201501275
201501282
201501305
201501314
201502014
201502024
201502031
201502041
201502052
201502062
201502085
201502091
201502112
201502125
201502131
201502141
201502175
201502213
201502222
201502243
201502276
201503021
201503032
201503044
201503057
201503066
201503075
201503087
201503094
201503103
201503111
201503121
201503132
201503141
201503152
201503161
201503183
201503191
201503215
201503223
201503231
201503254
201503267
